3.934693402873665757e-01 5.000000000000000000e-01 6.321205588285576660e-01 5.000000000000000000e-01 7.768698398515702097e-01 5.000000000000000000e-01
4.214397358938113403e-01 3.985057939565999630e-01 4.214397358938113403e-01 8.890677987334079102e-01 6.652680207973771243e-01 3.034745923686473223e-01
4.835278647459656520e-01 3.025353563543242696e-01 4.835278647459656520e-01 9.292024161338936494e-01 7.332565335061385081e-01 8.296426955947630022e-01
2.475191739620981324e-01 7.903014179858973698e-01 4.337726064453167885e-01 3.006674080908103841e-01 5.739247431726839377e-01 6.121724150538043752e-01
5.296346974699732701e-01 3.256517424182695519e-01 7.787564821758363731e-01 1.830230970389337131e-01 8.959347258058298902e-01 8.757244347246806448e-02
5.126276025697882321e-01 8.547711770703486645e-02 7.624681462231276408e-01 9.074971652627985552e-01 8.842335309587231462e-01 4.825936882727921984e-01
5.385043149740831314e-01 9.388742386054939049e-01 5.385043149740831314e-01 5.901399444113315795e-02 7.870217327024596754e-01 4.929339758337590860e-01
2.664374116313120711e-01 6.662918598711922158e-01 4.618859289458309147e-01 8.049382481355817909e-01 6.052596491998917250e-01 2.412748861907817455e-01
6.302456444245617684e-01 4.054685531349247474e-01 8.632817165329924602e-01 3.161704722843097781e-01 9.494478192012765216e-01 2.364859951519038272e-01
3.388148377249208254e-01 2.942691148979890148e-01 5.628341811872772382e-01 1.396460218474568915e-01 7.109524471471920792e-01 8.810469738112695071e-01
4.632204615690271865e-01 6.506407349202246726e-01 7.118677271218317726e-01 7.805647002379767496e-01 8.453364915573897687e-01 8.772100935212883144e-01
3.315863877658460912e-01 5.847366545498646762e-01 3.315863877658460912e-01 1.855119528324823963e-01 5.532232429800901796e-01 6.656934538560607129e-01
4.277659845098924496e-01 8.607386509805445840e-01 6.725482315160673519e-01 1.642196956495386440e-01 8.126209596411021474e-01 5.423602859479568217e-01
3.491419174768851108e-01 1.732487041180247322e-01 5.763837564143341474e-01 7.583162138069814429e-01 7.242859439741887728e-01 4.049681022775848960e-01
4.516927719845292843e-01 4.252420579004210777e-01 1.815201532827812880e-01 8.914951698430387816e-01 3.300907405177582188e-01 7.736524750004930562e-02
5.096109144957214898e-01 7.550458946002630567e-01 5.096109144957214898e-01 1.191066679367174252e-01 7.595185448182775190e-01 3.124174862697838839e-01
3.604558908175164444e-01 7.048590751841703195e-02 7.384157996853548678e-01 4.449162121927665026e-01 5.909833324099835750e-01 9.088432396578007832e-01
3.335287995330556421e-01 7.126633228104376494e-01 4.559083247252638804e-01 1.860404123123234332e-01 1.836231259602312815e-01 7.300578828717409208e-02
5.259508502434877553e-01 5.099950787260938423e-01 3.114877272288369969e-01 5.750434562893947527e-02 3.114877272288369969e-01 9.453260268471060934e-01
4.248520952247054616e-01 7.468257694200388652e-01 6.692048876325886742e-01 9.080873009575397559e-01 8.097438842119752955e-01 9.769022510955813754e-01
2.853933755692306118e-01 2.310855394563166576e-01 6.350771034104063517e-01 8.128397563140377091e-01 4.893373723196613456e-01 7.070600424304364362e-02
4.457072565035713474e-01 3.920544308167553949e-01 4.457072565035713474e-01 8.210953975569599272e-01 0.000000000000000000e+00 8.836663421898158788e-01
5.995105382085204049e-01 2.963907990827359118e-01 4.566736990483351022e-01 8.454304598399617898e-01 2.628932906616132659e-01 6.035029725816970503e-02
3.539388001528070982e-01 8.751831692130767060e-01 7.303372377148509287e-01 4.576293674695866565e-01 5.826049260520054229e-01 1.042596283719172678e-01
3.813760100516378482e-01 2.380875389431592049e-01 3.813760100516378482e-01 8.708637512399237668e-01 6.173043590603686237e-01 6.620321848350241289e-01
4.201116580343730034e-01 6.374458822747920417e-01 6.637295108523560971e-01 7.590593868824384582e-01 6.637295108523560971e-01 3.115558451654918196e-02
0.000000000000000000e+00 9.177758877290931316e-01 0.000000000000000000e+00 8.222411227090692387e-02 6.715975974836457807e-01 7.534593599076013781e-01
1.996004705882891972e-01 3.296620112540509240e-01 3.593605933175118561e-01 1.889713455027763889e-01 4.872325203687388750e-01 7.773924134039431610e-01
6.314164148075314120e-01 5.373178374823045500e-01 8.641461407266662897e-01 5.743098544064225708e-01 9.499264974868015798e-01 6.106587395542719676e-01
6.685482668932151151e-01 8.572870016492737388e-01 6.685482668932151151e-01 2.594664222309847265e-02 8.901397486205087084e-01 1.905670973514406175e-01
8.023140877583546660e-01 4.149728319796213705e-01 4.174606855501942215e-01 2.454590996968403910e-02 6.606479471203502429e-01 9.602008923886236058e-01
4.682014873062770866e-01 6.368917038026622457e-01 2.707548336164833369e-01 2.541648067712534015e-02 6.121885051281592549e-01 5.449774549923595141e-02
5.530584171263193127e-01 1.972798559574814869e-01 8.002432214983687953e-01 9.463585575533837169e-01 8.002432214983687953e-01 4.430697232369555649e-02
2.658576301066032932e-01 5.310086052660211164e-01 4.610349807273070866e-01 5.618301551295995511e-01 0.000000000000000000e+00 8.118551909737632410e-01
6.458755251884207294e-01 1.774635514387962187e-01 4.049164135925279462e-01 9.338492250461317701e-01 7.892663374944629551e-01 7.190470822617831548e-01
7.653997667948391204e-01 3.710767454723749165e-02 7.653997667948391204e-01 9.711227601296458234e-01 9.449627305800840649e-01 5.446966872800401704e-01
0.000000000000000000e+00 8.205348861937058480e-01 0.000000000000000000e+00 1.794651138062941520e-01 7.652934718348507470e-01 4.979106142270342539e-01
6.476654473759853037e-01 6.852890215806004548e-01 2.937067129887574457e-01 8.130329827336896242e-02 5.011497927228545368e-01 9.698708577895194249e-01
4.816669271895728244e-01 9.705619109895947672e-01 8.607398812798241483e-01 4.802013593430647376e-01 7.313308256309003497e-01 2.626497774998375404e-02
3.018160968392970545e-01 4.078860267340700396e-01 5.125392373672861268e-01 3.206175653099985201e-01 6.596627421073988362e-01 2.422888695567482764e-01
6.938773814543701679e-01 5.450684227323220332e-01 3.260435926593335809e-01 9.293186057867404148e-01 5.457827610044616584e-01 8.730740559415567370e-02
2.167681524028158835e-01 1.844933389796015732e-01 3.865478729095013222e-01 3.618796201040236360e-02 5.195247570864860442e-01 9.642041256567170926e-01
3.433376265582830378e-01 3.505110891617053137e-01 1.896529302565986563e-01 8.164005045717583897e-01 4.678755698707575128e-01 6.976981213718904673e-01
5.469320584389354423e-01 4.682526987761841952e-01 7.947294403296198961e-01 4.367061275759522854e-01 9.069984900670531314e-01 4.055572169549112038e-01
6.317732180124225883e-01 6.857441643935774378e-01 8.644090370270731682e-01 8.333892751304929902e-01 9.500717760378823984e-01 9.266752396118401736e-01
4.648181260280073168e-01 1.641105859649718002e-01 6.084816751040453831e-01 6.652062159309177769e-01 2.684387421603077750e-01 9.199026811542113657e-01
4.996830030168385450e-01 5.687759212770886474e-01 7.496829025297512272e-01 6.355229760569824915e-01 0.000000000000000000e+00 9.668036354720372927e-01
7.686445892650014544e-01 6.509734242136072657e-01 6.231344491408322694e-01 6.294664959174058050e-02 3.861062381330400139e-01 9.724729287482836160e-01
6.144657954621439711e-01 7.560829471479225683e-01 6.144657954621439711e-01 2.266306309405864416e-01 0.000000000000000000e+00 9.255949112952321922e-01
3.462453814246753137e-01 9.330965902586649818e-01 5.726048986914317185e-01 1.187600999346372088e-01 7.205884785630547462e-01 6.247764317621126162e-01
7.568798942239505223e-01 9.694575547522039649e-01 7.568798942239505223e-01 2.731282691186655634e-02 9.408926141674425203e-01 4.804750213876891607e-01
5.544648065066202225e-01 8.922961621183660430e-01 8.014983913588167308e-01 2.973293231148971955e-02 9.115605473853032326e-01 2.591717031323642617e-01
3.821239115624176508e-01 7.781017089388311270e-01 6.182291393370729082e-01 9.371888876581044858e-01 7.641129139341412690e-01 1.795038019045773758e-01
2.632677485116814431e-01 2.569035544496712231e-01 4.572255896169529210e-01 9.580309369325823443e-02 6.001205865882530688e-01 2.507024677311710942e-02
4.470364307227865375e-01 2.609553411711995272e-02 8.309210433269413887e-01 4.137224196940110232e-01 6.942312910522043801e-01 9.576076647843511092e-01
1.825340139868706635e-01 7.363865393147674965e-01 3.317493617115822579e-01 8.969728276475856799e-01 4.537278330676555171e-01 9.710685012308724051e-01
5.185128708452719781e-01 1.698198237802226451e-01 7.681701444583381999e-01 2.808238243054416924e-02 8.883769084028899643e-01 9.741043295490577902e-01
3.343506882972359651e-01 4.145840612172845274e-01 5.569109938296363804e-01 3.330389022933830101e-01 3.343506882972359651e-01 8.980309060567681634e-01
1.870967530997643125e-01 8.256399322081990899e-01 3.391883111790544025e-01 9.695450816410805528e-01 4.628240325678251166e-01 3.038747622357183820e-02
3.533786019564686409e-01 2.179094134732912913e-01 7.296351573915988986e-01 7.413988925373187211e-01 5.818807675922289535e-01 9.232010119100287904e-01
2.195772852719984902e-01 2.780140896326938615e-01 3.909403863365763510e-01 6.350938953453129088e-01 5.246760428736031434e-01 4.038571195363140354e-01
3.748437225454762101e-01 5.410513508605251376e-01 0.000000000000000000e+00 8.816244564192265987e-01 0.000000000000000000e+00 1.183755435807734013e-01
0.000000000000000000e+00 9.741762170139834920e-01 0.000000000000000000e+00 2.582378298601651148e-02 9.437949854113343306e-01 1.666172118539923086e-01
5.881823146733906604e-01 8.133723676654434076e-01 8.304061940522338148e-01 9.625261801982661902e-01 8.304061940522338148e-01 2.646370837318628641e-02
3.955357629578999390e-01 4.246233368975005362e-01 2.225270184488080671e-01 9.697686193121256570e-01 5.300453873858119724e-01 9.542294817090792858e-01
3.310000441134003935e-01 5.599188814325689600e-01 1.820758250995392624e-01 8.310476782238940263e-02 4.528087630730083246e-01 1.086530782698098552e-01
2.700875830766690799e-01 7.268515067940946039e-01 6.111230022663008965e-01 3.404879328910305203e-01 4.672278636211415481e-01 1.551840143571850961e-01
1.870690536165528772e-01 1.508462774287647190e-01 4.627691182698348005e-01 8.277369833130479027e-01 3.391432764121129484e-01 9.760396404855016250e-01
1.843117058165654742e-01 7.942171371221765641e-01 4.572839197459271920e-01 1.737544598218930814e-01 3.346526067321187181e-01 9.497342968255390039e-01
5.771765833138293722e-01 6.410880925307680389e-01 5.771765833138293722e-01 2.472943226137808495e-02 8.212203583018329311e-01 7.650794064591284194e-01
2.212157037840197793e-01 5.758063026620779956e-01 3.934950199673804550e-01 6.489001503122633352e-01 5.276634459738092087e-01 7.168567804001224619e-01
4.837499036367628458e-01 4.752620880122399027e-02 8.624120381878872532e-01 6.282594242746557534e-01 7.334858380049483761e-01 9.770643026170290346e-01
4.745528532852614223e-01 7.704714338463805046e-01 7.239052960093399491e-01 1.142970923014882123e-01 4.745528532852614223e-01 2.592431639370016208e-02
0.000000000000000000e+00 7.881594797834259314e-01 0.000000000000000000e+00 2.118405202165740686e-01 0.000000000000000000e+00 5.478789876013506061e-02
3.581380036344029016e-01 2.316524748389984789e-01 5.880131776215702377e-01 7.121097318663532905e-02 7.355613157118623402e-01 7.941521362953504193e-01
3.450413041992910212e-01 5.759162314691056439e-01 4.699450813830801099e-01 5.634130171582471536e-02 1.907048154099093284e-01 3.772598939686022668e-02
5.660308273614911290e-01 3.634687508378589560e-01 3.412366338065626614e-01 9.458136877287102173e-01 7.141170070084749133e-01 8.955052077691951773e-01
6.068380283322669655e-01 8.756512021756128750e-01 7.534771064963083909e-01 2.190895829087716740e-01 3.729737073553190396e-01 2.687845542617278358e-02
4.870365697380745207e-01 8.400138993407154642e-01 7.368685192139187157e-01 4.096328592691104303e-02 7.368685192139187157e-01 9.766510552817336821e-01
6.004188182706095001e-01 3.470165358970045411e-01 6.004188182706095001e-01 9.393018195419573502e-01 0.000000000000000000e+00 9.739512312385579795e-01
2.599667850712495398e-01 5.562270644255328245e-01 4.523508408022178795e-01 6.113427671179370027e-01 2.599667850712495398e-01 1.520120705289254581e-01
4.556005680891566101e-01 5.779237658497260455e-02 7.036292585351510143e-01 8.173400273415512007e-01 8.386559367115408170e-01 2.519695627078749056e-01
5.705406555266450130e-01 3.345362685558085358e-01 5.705406555266450130e-01 9.769608554123400124e-01 8.155646714445162759e-01 1.963191767702529011e-01
4.639939832609073500e-01 1.447931687577049265e-01 7.126975500194915325e-01 9.752720644366238423e-01 8.460041581865651583e-01 8.174290802388632926e-01
4.802482245456006771e-01 9.545920298406349591e-01 7.298580919119996846e-01 1.813227622653343918e-01 8.595932636466225851e-01 7.825321666924365260e-01
3.771473740341108050e-01 6.606433768553552355e-01 3.771473740341108050e-01 9.502754182743683442e-02 6.120546063273961668e-01 7.962891258212405621e-01
6.521492996383140284e-01 2.304653787509031160e-01 0.000000000000000000e+00 9.418689395229490335e-01 0.000000000000000000e+00 5.813106047705100810e-02
1.830290784670437487e-01 1.596837881827565253e-01 4.547197135982294913e-01 8.843975974589941558e-01 3.325585133695922457e-01 2.321205664432960877e-02
1.969518147448374168e-01 3.347230240337568663e-01 3.551136121583900462e-01 1.966032530116544885e-01 4.821251565480382251e-01 1.001451033214197928e-01
3.089364147951632056e-01 7.419071426299557181e-01 5.224311212038372787e-01 9.029374737543778284e-01 6.699695384368695716e-01 2.683747845069858751e-02
4.957008695969779000e-01 6.495445710678695583e-01 2.898597811678160774e-01 1.589594890861588672e-01 6.418769051787178714e-01 2.693921925815505602e-01
6.290664099112579510e-01 2.532699854748476365e-01 8.624082717438770196e-01 9.201147247564317455e-02 9.489626062714416888e-01 2.314689398520090174e-02
5.516316662338612842e-01 3.935303546313423939e-01 7.989658372757764138e-01 2.945092876908923518e-01 5.516316662338612842e-01 9.753983100258882821e-01
7.691041514543229818e-01 4.246435096703589096e-01 3.865129851497646762e-01 9.644219783825973558e-01 6.236336826101471775e-01 2.304825454420065048e-02
6.142660598507325709e-01 4.139030189090291412e-01 2.720593851591817103e-01 1.138693560322194265e-01 4.701024612651714119e-01 8.385921113330679910e-01
3.204579088606858139e-01 7.389258220513837960e-01 5.382225463700081036e-01 1.737178547709105625e-01 6.862027835192876513e-01 3.822649800183468560e-01
3.437065567139760414e-01 8.808217703778133956e-01 7.173205768824912898e-01 2.154669958312031008e-01 5.692789162997744512e-01 2.460895132396302351e-02
3.326046351072118323e-01 8.543940954264322984e-02 5.545834269196221467e-01 8.563728336702356447e-01 7.027310436797260529e-01 3.800988141694240374e-01
4.621786697755939644e-01 5.620048442702489933e-01 7.107482167556504749e-01 6.225209166087942725e-01 4.621786697755939644e-01 2.807800565014119745e-02
3.988263176712609770e-01 8.004889663120616783e-01 7.827299419138031844e-01 1.914581311120410190e-01 6.385902036753043909e-01 9.541731416335520466e-01
3.888582318960354112e-01 5.770281916792053822e-01 6.265057392787599655e-01 6.512114804526730749e-01 7.717420571261381923e-01 7.200162963091022439e-01
